8192	1	inf
8388608	1	inf
83886080	1	960.000000
8192	2	inf
8388608	2	inf
83886080	2	960.000000
8192	4	inf
8388608	4	inf
83886080	4	960.000000
8192	8	inf
8388608	8	inf
83886080	8	inf
8192	1	inf
8388608	1	inf
83886080	1	inf
8192	2	inf
8388608	2	inf
83886080	2	inf
8192	4	inf
8388608	4	1024.000000
83886080	4	inf
8192	8	inf
8388608	8	inf
83886080	8	inf
8192	1	8298.049609
8388608	1	8770.400000
83886080	1	7396.000000
8192	2	12230.156250
8388608	2	15283.600000
83886080	2	13976.000000
8192	4	13748.795313
8388608	4	13514.800000
83886080	4	12040.000000
8192	8	13170.110156
8388608	8	14608.000000
